clap = [[258.82666015625,228.1840057373047,56.0,216.0,56.0,216.0];
[411.25653076171875,193.54595947265625,190.0,201.0,190.0,201.0];
[425.50201416015625,193.3603973388672,174.0,199.5,174.0,199.5];
[437.3472900390625,194.1099090576172,174.97833251953125,203.1193084716797,174.97833251953125,203.1193084716797];
[451.2774658203125,192.68243408203125,171.20907592773438,203.28468322753906,171.20907592773438,203.28468322753906];
[458.598876953125,193.8474578857422,150.4060516357422,194.29116821289062,150.4060516357422,194.29116821289062];
[463.2016906738281,195.38009643554688,151.5,207.5,151.5,207.5];
[465.2599792480469,199.1959228515625,145.5,210.5,145.5,210.5];
[467.4128112792969,202.02134704589844,140.0,213.0,140.0,213.0];
[469.4247741699219,203.8495635986328,137.0,215.5,137.0,215.5];
[465.5,207.0,156.0,9.0,156.0,9.0];
[466.3434753417969,211.7476806640625,158.5,12.5,158.5,12.5];
[464.9070129394531,223.9044189453125,153.30322265625,2.532794952392578,153.30322265625,2.532794952392578];
[454.62835693359375,204.2447052001953,156.5,8.5,156.5,8.5];
[445.7185974121094,203.47552490234375,184.84750366210938,204.0383758544922,184.84750366210938,204.0383758544922];
[429.5,199.0267791748047,196.0,205.5,196.0,205.5];
[410.0,196.5,190.5,202.0,190.5,202.0];
[384.5,196.0,203.5,202.5,203.5,202.5];
[351.909423828125,199.8101806640625,226.0,194.0,226.0,194.0];
[322.5,211.0,235.5,184.0,235.5,184.0];
[328.0,215.5,252.0,216.0,252.0,216.0];
[329.5,213.5,260.0,205.0,260.0,205.0];
[330.5,217.0,246.0,184.0,246.0,184.0];
[333.0,213.5,264.0,199.0,264.0,199.0];
[339.0,207.5,225.5,183.5,225.5,183.5];
[349.0,207.0,226.0,181.5,226.0,181.5];
[362.0,204.0,232.5,200.0,232.5,200.0];
[378.5,200.5,218.5,184.0,218.5,184.0];
[393.5,196.0,197.0,201.0,197.0,201.0];
[404.0,194.5,188.53509521484375,207.35964965820312,188.53509521484375,207.35964965820312];
[413.1483154296875,192.85525512695312,193.0,208.5,193.0,208.5];
[426.8725280761719,194.6923828125,187.0,205.5,187.0,205.5];
[438.7881164550781,197.85107421875,183.5,205.5,183.5,205.5];
[452.5,202.0,177.5,205.5,177.5,205.5];
[453.75054931640625,196.3758087158203,183.0,205.5,183.0,205.5];
[461.30487060546875,206.28048706054688,180.5,205.5,180.5,205.5];
[464.9079895019531,206.53993225097656,178.67111206054688,204.66275024414062,178.67111206054688,204.66275024414062];
[465.1974792480469,201.60560607910156,183.0,205.0,183.0,205.0];
[463.0452575683594,195.251220703125,177.5,198.5,177.5,198.5];
[459.00970458984375,192.9484100341797,181.0,199.5,181.0,199.5];
[452.93878173828125,189.75509643554688,185.5,200.0,185.5,200.0];
[439.2095947265625,187.69522094726562,193.2726287841797,199.75970458984375,193.2726287841797,199.75970458984375];
[421.7698059082031,190.49853515625,184.2873992919922,201.0824737548828,184.2873992919922,201.0824737548828];
[403.5,197.5,192.65728759765625,200.2969207763672,192.65728759765625,200.2969207763672];
[372.7492370605469,211.5144500732422,225.0,186.0,225.0,186.0];
[335.5,232.0,228.0,185.0,228.0,185.0];
[332.0,245.5,249.5,212.5,249.5,212.5];
[333.0,244.5,246.5,211.5,246.5,211.5];
[332.0,243.0,246.0,211.0,246.0,211.0];
[333.0,240.0,245.0,209.0,245.0,209.0];
[334.0,237.5,248.5,212.0,248.5,212.0];
[335.4148864746094,235.6914825439453,224.0,186.0,224.0,186.0];
[349.5,236.0,219.0,186.5,219.0,186.5];
[362.95379638671875,237.5896759033203,242.5,203.5,242.5,203.5];
[382.0,238.0,183.29803466796875,202.9819793701172,183.29803466796875,202.9819793701172];
[400.0,236.0,180.0,205.5,180.0,205.5];
[413.8135681152344,235.58474731445312,172.0,226.0,172.0,226.0];
[431.8401184082031,233.13900756835938,163.5,224.0,163.5,224.0];
[442.03509521484375,235.27798461914062,161.5,227.5,161.5,227.5];
[453.2701721191406,237.0786590576172,147.50013732910156,230.62973022460938,147.50013732910156,230.62973022460938];
[459.34283447265625,235.72341918945312,146.5,230.54864501953125,146.5,230.54864501953125];
[462.6280212402344,233.43350219726562,147.5,230.67837524414062,147.5,230.67837524414062];
[463.4262390136719,233.08197021484375,187.5,206.0,187.5,206.0];
[460.65032958984375,232.3897705078125,184.25328063964844,201.53236389160156,184.25328063964844,201.53236389160156];
[456.3436279296875,232.23362731933594,168.8345947265625,197.13087463378906,168.8345947265625,197.13087463378906];
[449.2102966308594,232.2255859375,151.61932373046875,193.3124237060547,151.61932373046875,193.3124237060547];
[442.5672302246094,233.44793701171875,124.97826385498047,188.21739196777344,124.97826385498047,188.21739196777344];
[424.6764831542969,238.85293579101562,126.61141204833984,190.5081329345703,126.61141204833984,190.5081329345703];
[409.5,242.5,126.32855987548828,193.2589111328125,126.32855987548828,193.2589111328125];
[379.0,252.0,218.0,186.5,218.0,186.5];
[338.5,266.0,248.5,223.5,248.5,223.5];
[333.5,270.5,243.5,224.0,243.5,224.0];
[333.0,265.5,242.5,221.0,242.5,221.0];
[335.5,263.0,244.0,220.5,244.0,220.5];
[335.5,262.5,241.5,220.0,241.5,220.0]];


clap(:,1) = clap(:,1) - 300;
clap(:,3) = clap(:,3) - 300;
clap(:,1) = clap(:,1)/3;
clap(:,3) = clap(:,3)/3;

clap(:,2) = clap(:,2) - 200;
clap(:,4) = clap(:,4) - 200;
clap(:,2) = clap(:,2)/3;
clap(:,4) = clap(:,4)/3;

% figure;
% hold on 
% scatter(clap(:,1),clap(:,2),'r');
% scatter(clap(:,3),clap(:,4),'g');
% %scatter(clap(:,5),clap(:,6),'b');
% hold off
% clap_3 = clap(2:25:75, 1:4);
% clap_6 = clap(2:13:75, 1:4);
% clap_9 = clap(2:9:75, 1:4);
% clap_12 = clap(2:6:72, 1:4);
% clap_15 = clap(2:5:75, 1:4);
%  
% figure;
% subplot(2,3,1)
% hold on 
% scatter(clap_3(:,1),clap_3(:,2),'r');
% scatter(clap_3(:,3),clap_3(:,4),'g');
% hold off
% subplot(2,3,2)
% hold on
% scatter(clap_6(:,1),clap_6(:,2),'r');
% scatter(clap_6(:,3),clap_6(:,4),'g');
% hold off
% subplot(2,3,3)
% hold on
% scatter(clap_9(:,1),clap_9(:,2),'r');
% scatter(clap_9(:,3),clap_9(:,4),'g');
% hold off
% subplot(2,3,4)
% hold on 
% scatter(clap_12(:,1),clap_12(:,2),'r');
% scatter(clap_12(:,3),clap_12(:,4),'g');
% hold off
% subplot(2,3,5)
% hold on
% scatter(clap_15(:,1),clap_15(:,2),'r');
% scatter(clap_15(:,3),clap_15(:,4),'g');
% hold off

rolling = [[121.5,180.5,93.0,216.0,93.0,216.0];
[285.0,140.5,231.0,202.0,231.0,202.0];
[285.5,124.5,206.5,200.5,206.5,200.5];
[302.0,151.5,194.5,200.5,194.5,200.5];
[315.39654541015625,158.53448486328125,200.5,190.5,200.5,190.5];
[319.81884765625,166.62649536132812,198.5,180.5,198.5,180.5];
[303.4410705566406,187.63833618164062,202.5,174.5,202.5,174.5];
[304.9276428222656,201.7173309326172,206.0,167.0,206.0,167.0];
[288.076904296875,231.98577880859375,204.5,153.0,204.5,153.0];
[282.3260803222656,246.5,208.5,136.5,208.5,136.5];
[278.4957580566406,241.21656799316406,214.5,124.5,214.5,124.5];
[281.5,238.0,219.0,114.0,219.0,114.0];
[271.68896484375,230.90716552734375,224.0,111.0,224.0,111.0];
[267.1808166503906,218.09689331054688,231.0,112.5,231.0,112.5];
[273.5,208.5,235.0,118.0,235.0,118.0];
[284.26873779296875,209.17198181152344,245.5,136.5,245.5,136.5];
[147.5,365.5,247.0,149.5,247.0,149.5];
[254.0,172.5,309.5,183.0,309.5,183.0];
[264.0,165.5,309.0,181.5,309.0,181.5];
[266.5,162.0,242.0,192.0,242.0,192.0];
[269.0,152.0,237.5,198.5,237.5,198.5];
[270.5,147.0,234.0,195.5,234.0,195.5];
[275.0,145.5,231.5,189.5,231.5,189.5];
[280.0,151.0,227.0,180.5,227.0,180.5];
[284.0,173.0,460.5,69.97520446777344,460.5,69.97520446777344];
[286.0,193.0,467.0,73.82539367675781,467.0,73.82539367675781];
[285.0,219.5,182.4241943359375,120.0,182.4241943359375,120.0];
[284.0,232.0,199.5,114.5,199.5,114.5];
[281.1652526855469,247.6147003173828,443.59906005859375,80.30186462402344,443.59906005859375,80.30186462402344];
[284.960205078125,249.26866149902344,441.0,81.5,441.0,81.5];
[274.50457763671875,245.0,190.0,109.5,190.0,109.5];
[276.20269775390625,234.2732391357422,204.72763061523438,83.76945495605469,204.72763061523438,83.76945495605469];
[276.1070556640625,220.11497497558594,259.5,154.5,259.5,154.5];
[147.5,368.0,248.0,150.5,248.0,150.5];
[272.5,177.0,274.5,138.0,274.5,138.0];
[271.5,161.5,247.0,197.5,247.0,197.5];
